#Webcam calibration file. Please put a commentary of current calibration values
from numpy import array, identity

#Calibration values for webcam logitech for pushing experiment. 04.06.2011. Federico Ruiz
camera_pose= array([[-0.14450788, -0.80255737,  0.57880837,  0.47380509],
       [-0.9795183 ,  0.03313242, -0.19861055, -0.07291363],
       [ 0.14021904, -0.59565418, -0.79090753,  1.47609746],
       [ 0.        ,  0.        ,  0.        ,  1.        ]])
rel_pose_marker_finger= array([[  9.99456451e-01,  -2.99759476e-02,  -1.37202683e-02,
          3.36067185e-04],
       [  2.86700419e-02,   9.95786060e-01,  -8.71099932e-02,
         -1.43058181e-02],
       [  1.62736565e-02,   8.66692840e-02,   9.96104213e-01,
         -1.26376405e-03],
       [  0.00000000e+00,   0.00000000e+00,   0.00000000e+00,
          1.00000000e+00]])
#Adjusted by hand
rel_pose_marker_finger= array([[  9.99456451e-01,  -2.99759476e-02,  -1.37202683e-02,
          0.01],
       [  2.86700419e-02,   9.95786060e-01,  -8.71099932e-02,
         -1.43058181e-02],
       [  1.62736565e-02,   8.66692840e-02,   9.96104213e-01,
         -1.26376405e-03],
       [  0.00000000e+00,   0.00000000e+00,   0.00000000e+00,
          1.00000000e+00]])

#Calibration values for webcam logitech for pushing experiment. 05.06.2011. Federico Ruiz
camera_pose= array([[-0.12529083, -0.81547922,  0.5650627 ,  0.48914623],
       [-0.98570058,  0.03763103, -0.16425065, -0.08741848],
       [ 0.1126791 , -0.57756173, -0.80853316,  1.5026083 ],
       [ 0.        ,  0.        ,  0.        ,  1.        ]])
rel_pose_marker_finger= array([[  9.65177204e-01,   1.46554650e-02,   2.61186107e-01,
          5.44948021e-03],
       [  9.35570721e-03,   9.95856921e-01,  -9.04514482e-02,
         -2.43680819e-04],
       [ -2.61429600e-01,   8.97452566e-02,   9.61041286e-01,
          1.05151661e-03],
       [  0.00000000e+00,   0.00000000e+00,   0.00000000e+00,
          1.00000000e+00]])
rel_pose_marker_finger= array([[  9.65177204e-01,   1.46554650e-02,   2.61186107e-01,
          0.005],
       [  9.35570721e-03,   9.95856921e-01,  -9.04514482e-02,
          0.005],
       [ -2.61429600e-01,   8.97452566e-02,   9.61041286e-01,
          1.05151661e-03],
       [  0.00000000e+00,   0.00000000e+00,   0.00000000e+00,
          1.00000000e+00]])
rel_pose_marker_finger= identity(4)

#07.06.2011 works!
camera_pose= array([[-0.09800769, -0.80179927,  0.58950184,  0.45191355],
       [-0.96501398, -0.06818407, -0.25317771, -0.08434989],
       [ 0.24319234, -0.59369088, -0.76706494,  1.45392341],
       [ 0.        ,  0.        ,  0.        ,  1.        ]])
rel_pose_marker_finger= array([[ 0.99578288, -0.01471109, -0.09055405, -0.00565352],
       [ 0.00701551,  0.99637994, -0.08472191, -0.03440077],
       [ 0.09147259,  0.08372935,  0.99228129, -0.00785144],
       [ 0.        ,  0.        ,  0.        ,  1.        ]])
rel_pose_marker_finger= array([[ 0.99578288, -0.01471109, -0.09055405, 0.005],
                               [ 0.00701551,  0.99637994, -0.08472191, -0.03440077],
                               [ 0.09147259,  0.08372935,  0.99228129, -0.00785144],
                               [ 0.        ,  0.        ,  0.        ,  1.        ]])

#2019.11.12 identity for testing
rel_pose_marker_finger= identity(4)

#2019.11.13
#rel_pose_marker_finger=array([[ 0.02733082, -0.99759666, -0.06367053, -0.00658384],
#                              [ 0.52600821, -0.03981056,  0.84954722, -0.00976251],
#                              [-0.85004023, -0.05671004,  0.52365598, -0.05585497],
#                              [ 0.        ,  0.        ,  0.        ,  1.        ]])
# rel_pose_marker_finger=array([[ 0.99497469, -0.08315614, -0.05577116, -0.03145383],
#                               [ 0.04049474,  0.84361754, -0.53541537, -0.00265277],
#                               [ 0.09157261,  0.53046631,  0.84274549, -0.01018206],
#                               [ 0.        ,  0.        ,  0.        ,  1.        ]])

# rel_pose_marker_finger= array([[ 0.97246467,  0.14079689, -0.18571136, -0.02928227],
#                                [-0.22457084,  0.77913505, -0.58524911,  0.00354293],
#                                [ 0.06229297,  0.61083943,  0.78930018, -0.01205148],
#                                [ 0.        ,  0.        ,  0.        ,  1.        ]])
rel_pose_marker_finger=array([[ 0.96771406,  0.16828134, -0.18764566, -0.0314284 ],
                              [-0.17185534,  0.98511815, -0.00282357, -0.00284302],
                              [ 0.18437799,  0.03498032,  0.98223273, -0.0030324 ],
                              [ 0.        ,  0.        ,  0.        ,  1.        ]])
rel_pose_marker_finger=array([[ 0.96771406,  0.16828134, -0.18764566, -0.0314284 ],
                              [-0.17185534,  0.98511815, -0.00282357, -0.00784302],
                              [ 0.18437799,  0.03498032,  0.98223273, -0.0030324 ],
                              [ 0.        ,  0.        ,  0.        ,  1.        ]])
rel_pose_marker_finger=array([[ 0.60396936, -0.1139435 , -0.78882057, -0.02755075],
                              [-0.17243671,  0.94760449, -0.26890762,  0.00103739],
                              [ 0.77813019,  0.29843358,  0.55267603, -0.02332712],
                              [ 0.        ,  0.        ,  0.        ,  1.        ]])
rel_pose_marker_finger= array([[ 0.92445705,  0.30236867,  0.23227646, -0.03258649],
                               [-0.14005757,  0.83589866, -0.53071396, -0.00226258],
                               [-0.35463085,  0.45809019,  0.81510143, -0.00421427],
                               [ 0.        ,  0.        ,  0.        ,  1.        ]])
rel_pose_marker_finger= array([[ 0.22680223,  0.95803531, -0.17529715, -0.02774969],
                               [-0.92294745,  0.15394124, -0.35280319,  0.01640738],
                               [-0.31101245,  0.24180661,  0.91913047,  0.01361062],
                               [ 0.        ,  0.        ,  0.        ,  1.        ]])
